-13-

6,2; 23525 24525 26525 45 31525 45 32545 33525 36525 45 85 39525
51525 45 52545 55545 61525 62525 655105 66545 68525 76525 77585
85545 94525 95565 97525 17 85105 19585 1356 5 19565 27525 29525
31525 32525 405105 52525 54545 58525 71525 76525 78545 85 V 5545
105125 15545 16565 17525 195125 21545 25525 38545 40525 46525 50585
55545 61525 64545 65585 79525 717525 13585 34585 41525 45545 47545
56545 59585 63545 65545 65 68545 73565 81545 83525 93545 7112585
6585 9525 12525 275105 30585 32545 105 33545 35585 43525 46525 47525
49525 50565 51525 54565 62565 65525 66525 69545 745105 80565 105
83525 88585 99525 VIII 7525 14585 15565 24565 26565 285105 3254 5
36585 39525 43525 45 53565 85 55565 225 67525 68525 73545 105 755125
82565 IX 3545 12545 15525 21545 225145 24545 29545 36545 37585
105 43545 485105 51525 85 5354558525 59525 65525 66545 685105 72545
73525 74545 76545 85 78525 79545 65 89525 975 25 35 105 100525
1015165 1935 45 65 Χ 2545 85 45125 10545 125105 135105 16525 17 545
18525 36585 375145 41525 48525 65 53525 58545 105 59525 70585 71545
73565 77525 81545 965145 1035105 XI 16585 235105 145 28525 41565
455 45 495125 565195 165 57545 60565 70545 65 71585 76545 78525
87525 92525 104585 295 225 1085 45 XII 3545 65125 11565 14565
19525 285145 295165 31585 40525 42525 44585 48525 85 195 50545 65
52545 62525 125 705105 78525 96525 ΧΠΙ 1545 5525 13525 28525 52525
56525 90525 96525 114525 119525 125525 127525 XIV 11525 18525
51525 53525 75525 79525 85525 95525 103525 110525 112525 137525
174525 195525 202525 208525 22352. Sed versus huius formae vitiosi
suut si aliam post primum trochaeum distmetionem exhibent, quod
his in exemplis inveni: Sp. 1. 13565 21545 27585 114545 24525 11
756 5 ΠΙ 39525 17 7152 5 721545 7156545 63545 71188585 VIII
735105 IX 53545 XI 16585 XII 3,4; 11565 52545 XIV 7552.

Denique exstet caesura post primum trochaeum ut (155111155ιηὶ-
ternerie et seeundo trooheioa, velut:

ussit amatorem balteus iste Jovom (XIV 29852).

Omnia exempla haee eunte Sp. l. 15545 18525 29525 1 555145
60545 705185 73545 85525 1015105 II 14545 18545 28545 111 62545
1V11‚8; 19545 25545 45525 60525 66545 715 45 65 5585 11525 19545

 

