„¹62 -

In prima sede exstant 487 spondei, 145 iambi, 167 anap„ 40
tribur ad hcc nevies prepter syllabam ancipitem pedem definire
nen potui. Habent iambum versus hi: I 10515 45 6155575 665115
84545 55 96545 105 135 113545 ΙΙ 11525 75 95 17525 45 57565 74535
ΠΙ 7565 20535 55 75 85 95 155 165 195 205 25535 45 4052 5 47515
35 585105 125 165 185 445 82585 105 115 125 145 185 245 93595
115 135 195 255 IV 37525 95 61575 85 70545 81525 35 45 55 V
4,3; 1451535 45 85 26515 28545 95 35525 35 37515 65 105 145185
235 245 41515 45 75 85 51525 45 75 VI 26515 2539535 45 85 185 195
74535 VII 7525 65 95 20565 75 115 185 225 26515 105 VIII 44515
45 65 105 165 615 45 85 IX 1585 5525 55 275125 145 32525 Χ 3545
55 5585 115 22535 30535 45 105 175 255 275 92565 100565 ΧΙ 98535
85 185 225 100515 55 ΧΙΙ 325135 145 155 57525 45 85195225 245 275
65595 ΧΙΙΙ 61525 anapaestum autem versus hi: I 10535 66525
135 77535 89555 96575 113525 35 1157525 74555 ΠΙ 205145 22515
25 55 47525 85 115 58535115 175195 205 275 385 425 505 82555 65 155
17 5 225 93555 85 105 175 225 IV 17515 25 37535 85 61595 145 165
65515 70515 25 35 81515 V 4555 14575 115 18525 35 75 85 95 28535
55 85 35565 75 375135 215 41555 51555 71 39515 75 74515711 7545 85
20515 55 175 26545 VIII 10525 35 44595 61575 IX 5515 35 95 27565
85 75535 Χ 3595 55125 305225 245 295 625105 74585 92585 155 100545
55 ΧΙ 61555 65 85 985175 215 235 XII 10515 13515 32565 165 245
575155 deinde dactylum versus hic I 1052 5 615115 665145 84525
113555 III 205115 585335 825285 93515 75 17 37555 75 61565 105
135 V 145105 18515 28515 25 35515 37555 51565 VI 26535 395205 215
711205165 ΙΧ 5545 33515 75515 25 85 Χ 35 115 5525 145 74575
92535 185 XI 615105 98515 XII 87555 denique tribrachyn hi versus:
14 ct ΠΙ 93512. Postremo his 16616 ,2 III 20525 4759 5 VII 75105
26585 VIII 445135 XI 985205 XII 32510 5 195 65545 cum prior
syllaba anceps sit, dubium 661 utrum spondeus an iambus exstet.
Reliqui verene spondeum habent.

In secunda 6666 insunt 728 iambi, 61 triba, 1 spondens. At·
que tribrachyn in his versibus inveni: I 61535 75 66595 84555
8955 5 ,965125 1111515 105 65525 55 ΠΙ 20515 65 215 22525 40515
58535 65 255 265 295 64515 82545 115 135 93575 115 125135225 245

 

